100100,10001,1,0
100100,10004,2,0
100100,10006,3,0
100100,10008,4,0
100100,10012,5,0
100100,10016,6,0
100100,10011,7,0
100100,10007,8,0
100100,10018,9,0
100100,10002,10,0
100100,10017,11,0
100100,10020,12,0
100100,10005,13,1
100101,10005,1,0
100101,10020,2,0
100101,10017,3,0
100101,10002,4,0
100101,10018,5,0
100101,10007,6,0
100101,10011,7,0
100101,10016,8,0
100101,10012,9,0
100101,10008,10,0
100101,10006,11,0
100101,10004,12,0
100101,10001,13,1
300100,10001,1,0
300100,10004,2,0
300100,10006,3,0
300100,10008,4,0
300100,10012,5,0
300100,10016,6,0
300100,10011,7,0
300100,10007,8,0
300100,10018,9,0
300100,10002,10,0
300100,10017,11,0
300100,10020,12,0
300100,10005,13,0
300100,10010,14,0
300100,10019,15,0
300100,10015,16,0
300100,10021,17,1
300101,10021,1,0
300101,10015,2,0
300101,10019,3,0
300101,10010,4,0
300101,10005,5,0
300101,10020,6,0
300101,10017,7,0
300101,10002,8,0
300101,10018,9,0
300101,10007,10,0
300101,10011,11,0
300101,10016,12,0
300101,10012,13,0
300101,10008,14,0
300101,10006,15,0
300101,10004,16,0
300101,10001,17,1
400100,10001,1,0
400100,10004,2,0
400100,10006,3,0
400100,10008,4,0
400100,10012,5,0
400100,10016,6,0
400100,10011,7,0
400100,10007,8,0
400100,10018,9,0
400100,10002,10,0
400100,10017,11,0
400100,10020,12,0
400100,10005,13,0
400100,10023,14,0
400100,10003,15,0
400100,10014,16,0
400100,10022,17,0
400100,10013,18,0
400100,10009,19,1
400101,10009,1,0
400101,10013,2,0
400101,10022,3,0
400101,10014,4,0
400101,10003,5,0
400101,10023,6,0
400101,10005,7,0
400101,10020,8,0
400101,10017,9,0
400101,10002,10,0
400101,10018,11,0
400101,10007,12,0
400101,10011,13,0
400101,10016,14,0
400101,10012,15,0
400101,10008,16,0
400101,10006,17,0
400101,10004,18,0
400101,10001,19,1
