10001,'','Brossard',45.43806,-73.43068,1,695922251
10002,'','Côte-De-Liesse',45.52180,-73.66189,1,695905225
10003,'','Pierrefonds-Roxboro',45.50979,-73.81223,1,695922439
10004,'','Quartier',45.44686,-73.43366,1,695909164
10005,'','Bois-Franc',45.52198,-73.71250,1,695906763
10006,'','Panama',45.46488,-73.47019,1,695920073
10007,'','Canora',45.51395,-73.63466,1,695907580
10008,'','Île-Des-Soeurs',45.47031,-73.53855,1,695913444
10009,'','Deux-Montagnes',45.54566,-73.91243,1,695908664
10011,'','Édouard-Montpetit',45.51008,-73.61272,1,695909594
10012,'','Gare Centrale',45.49991,-73.56702,1,695911492
10013,'','Grand-Moulin',45.53723,-73.88795,1,695911950
10014,'','Île-Bigras',45.51981,-73.85298,1,695913675
10016,'','McGill',45.50265,-73.57242,1,695917245
10017,'','Montpellier',45.52486,-73.67251,1,695917646
10018,'','Mont-Royal',45.51651,-73.64356,1,695917715
10020,'','Du-Ruisseau',45.52891,-73.69027,1,695922610
10022,'','Ste-Dorothée',45.52342,-73.86265,1,695923053
10023,'','Sunnybrooke',45.50382,-73.78598,1,695923576
