10001,'','Brossard',45.43800,-73.43065,1,694998730
10002,'','Côte-De-Liesse',45.52186,-73.66185,1,694981704
10003,'','Pierrefonds-Roxboro',45.50985,-73.81220,1,694998918
10004,'','Quartier',45.44695,-73.43352,1,694985643
10005,'','Bois-Franc',45.52206,-73.71258,1,694983242
10006,'','Panama',45.46501,-73.47017,1,694996552
10007,'','Canora',45.51397,-73.63452,1,694984059
10008,'','Île-Des-Soeurs',45.47036,-73.53854,1,694989923
10009,'','Deux-Montagnes',45.54571,-73.91239,1,694985143
10011,'','Édouard-Montpetit',45.51013,-73.61270,1,694986073
10012,'','Gare Centrale',45.50012,-73.56684,1,694987971
10013,'','Grand-Moulin',45.53728,-73.88790,1,694988429
10014,'','Île-Bigras',45.51983,-73.85278,1,694990154
10016,'','McGill',45.50270,-73.57237,1,694993724
10017,'','Montpellier',45.52490,-73.67249,1,694994125
10018,'','Ville-De-Mont-Royal',45.51656,-73.64354,1,694994194
10020,'','Du-Ruisseau',45.52895,-73.69027,1,694999089
10022,'','Ste-Dorothée',45.52349,-73.86259,1,694999532
10023,'','Sunnybrooke',45.50388,-73.78596,1,695000055
