400100,10001,1,0,0
400100,10004,2,0,0
400100,10006,3,0,0
400100,10008,4,0,0
400100,10012,5,0,0
400100,10016,6,0,0
400100,10011,7,0,0
400100,10007,8,0,0
400100,10018,9,0,0
400100,10002,10,0,0
400100,10017,11,0,0
400100,10020,12,0,0
400100,10005,13,0,0
400100,10023,14,0,0
400100,10003,15,0,0
400100,10014,16,0,0
400100,10022,17,0,0
400100,10013,18,0,0
400100,10009,19,1,1
400100,10010,20,0,0
400100,10019,21,0,0
400100,10015,22,0,0
400100,10021,23,1,1
400101,10021,1,0,0
400101,10015,2,0,0
400101,10019,3,0,0
400101,10010,4,0,0
400101,10009,5,0,0
400101,10013,6,0,0
400101,10022,7,0,0
400101,10014,8,0,0
400101,10003,9,0,0
400101,10023,10,0,0
400101,10005,11,0,0
400101,10020,12,0,0
400101,10017,13,0,0
400101,10002,14,0,0
400101,10018,15,0,0
400101,10007,16,0,0
400101,10011,17,0,0
400101,10016,18,0,0
400101,10012,19,0,0
400101,10008,20,0,0
400101,10006,21,0,0
400101,10004,22,0,0
400101,10001,23,1,1
